1408455068,686.0350,686.5000,685.9650,685.9650,3900
1408455127,686.5100,686.7550,686.3250,686.3250,3700
1408455209,687.0700,687.7500,686.5499,686.5500,2000
1408455249,688.4900,689.2300,687.8000,687.8000,3400
1408455300,688.9475,688.9475,688.7119,688.7840,600
1408455364,689.4500,689.4500,688.2616,688.2616,3700
1408455445,688.0000,688.8700,688.0000,688.5300,900
1408455480,687.5100,688.0000,687.5100,688.0000,1300
1408455585,687.3142,687.3142,686.9030,687.1797,500
1408455679,687.7484,687.7484,687.5000,687.5974,600
1408455731,687.8800,687.8800,687.8300,687.8300,800
1408455813,687.7900,688.0000,687.7900,688.0000,1200
1408455842,687.8700,687.8800,687.8700,687.8800,400
1408455939,687.8900,687.8900,687.7928,687.8899,500
1408455988,687.3300,688.0900,687.2700,687.8900,1800
1408456054,687.9999,687.9999,687.9999,687.9999,200
1408456093,688.1500,688.1500,688.0000,688.0000,1000
1408456208,687.8600,687.8600,687.8400,687.8400,300
1408456316,688.1980,688.1980,688.1980,688.1980,100
1408456326,687.7900,688.0400,687.7900,687.8800,1800
1408456430,686.5923,687.1000,686.5908,687.0500,2100
1408456529,686.9900,687.2100,686.6201,686.6201,800
1408456570,686.8474,687.3700,686.8474,687.2800,600
1408456651,686.8125,686.8500,686.7900,686.8500,500
1408456688,687.0000,687.0000,686.7950,686.8300,1600
1408456756,686.8400,687.3500,686.8400,687.3500,300
1408456824,686.8800,686.9400,686.7800,686.9400,900
1408456868,686.8000,686.8000,686.7600,686.7600,300
1408456963,687.1700,687.1700,687.1600,687.1600,200
1408457041,687.2850,687.5700,687.2850,687.3900,600
1408457106,686.7600,687.2650,686.7600,687.2650,1000
1408457219,686.7150,686.7150,685.9800,686.6000,3600
1408457222,686.0303,686.7150,686.0200,686.7150,700
1408457407,686.2300,686.3393,686.2300,686.3393,400
1408457472,686.0050,686.9600,685.9500,686.9600,900
1408457578,685.2000,685.6600,685.2000,685.6000,4400
1408457582,684.8500,685.2200,684.8500,685.2000,3500
1408457689,684.4000,684.9500,684.4000,684.9500,800
1408457878,684.9800,685.0000,684.8100,684.8320,1200
1408457880,684.7780,684.8100,684.7780,684.8000,1600
1408458008,684.4200,684.8100,684.4200,684.8100,300
1408458189,684.0500,684.4100,684.0500,684.4100,900
1408458284,684.0200,684.0500,684.0200,684.0500,600
1408458352,683.7200,683.8086,683.7200,683.8086,400
1408458406,683.9700,683.9700,683.9700,683.9700,100
1408458521,683.6720,683.6720,683.6720,683.6720,100
1408458591,683.3000,683.6700,683.3000,683.6700,600
1408458667,683.5300,683.6300,683.5001,683.5001,800
1408458725,683.0100,683.4000,683.0100,683.3000,2500
1408458805,683.0000,683.0000,683.0000,683.0000,600
1408458858,682.4900,682.5150,682.4900,682.5150,300
1408458932,682.5900,682.6700,682.4300,682.6700,900
1408458962,682.4062,682.4062,682.2600,682.4000,1800
1408459034,682.4800,682.4800,682.4697,682.4697,700
1408459098,682.5200,682.5300,682.4870,682.5200,800
1408459198,683.2472,683.2472,682.6100,682.6100,1500
1408459259,683.7100,683.7100,683.2800,683.2800,1500
1408459320,683.8900,683.8900,683.8900,683.8900,100
1408459401,683.8300,683.9900,683.5600,683.9900,800
1408459503,683.8620,683.8620,683.8620,683.8620,200
1408459609,684.1180,684.1180,684.1180,684.1180,100
1408459667,684.1500,684.1500,684.1500,684.1500,300
1408459734,684.4393,684.4393,684.4393,684.4393,100
1408459744,684.0800,684.0800,684.0800,684.0800,300
1408459808,684.4400,684.4400,684.0800,684.0800,900
1408459897,684.4400,684.4400,684.4400,684.4400,400
1408460112,684.4800,684.5300,684.4800,684.5300,400
1408460168,684.5775,684.5850,684.4000,684.4700,900
1408460255,684.1700,684.5500,684.1700,684.3800,500
1408460316,684.1875,684.2000,684.1200,684.1300,600
1408460390,683.9700,684.1200,683.9700,684.1200,600
1408460540,684.2700,684.2700,684.2700,684.2700,100
1408460583,684.1600,684.7700,684.1600,684.7700,400
1408460694,684.4300,684.4300,684.4300,684.4300,100
1408460764,684.3300,684.3300,684.1400,684.1400,300
1408460843,684.2000,684.2900,684.2000,684.2900,200
1408460954,684.1500,684.5700,684.1500,684.5400,2200
1408461000,684.4700,684.7400,684.2300,684.3400,2000
1408461169,685.1100,685.2800,684.6900,684.9900,3700
1408461215,684.8500,684.8700,684.8500,684.8700,200
1408461240,684.8500,684.9740,684.8200,684.9740,1200
1408461302,685.0100,685.0200,685.0100,685.0200,500
1408461392,685.5300,685.5300,685.1500,685.1500,300
1408461439,685.5300,685.7950,685.5300,685.6800,500
1408461493,685.8200,685.8200,685.7900,685.7900,600
1408461576,686.1100,686.2800,685.9600,686.1200,1700
1408461625,685.9799,685.9799,685.9799,685.9799,300
1408461662,685.7625,686.0700,685.7625,685.9625,800
1408461840,686.2500,686.3200,686.2500,686.3200,300
1408461971,686.2300,686.2300,686.2300,686.2300,200
1408462082,686.0100,686.0300,686.0000,686.0000,300
1408462183,686.2800,686.2800,686.2800,686.2800,200
1408462249,686.2800,686.2800,686.2800,686.2800,200
1408462332,686.1400,686.1400,686.1400,686.1400,300
1408462747,686.0100,686.2500,686.0100,686.2500,400
1408462967,686.0700,686.2800,686.0700,686.2300,1100
1408462997,686.0400,686.0400,686.0400,686.0400,500
1408463191,686.1700,686.1700,686.1700,686.1700,200
1408463380,685.5100,685.5100,685.5100,685.5100,100
1408463418,685.8200,685.8200,685.5000,685.5000,600
1408463461,685.1800,685.6300,685.1500,685.6300,1700
1408463607,685.4500,685.4500,685.4500,685.4500,200
1408463705,685.0000,685.1717,685.0000,685.1000,1200
1408463781,684.6100,685.0000,684.6100,685.0000,2000
1408463840,684.2550,684.6100,684.2550,684.6100,700
1408463926,684.1500,684.1750,684.1500,684.1750,300
1408463954,683.7900,684.1210,683.7900,684.1200,1500
1408464018,684.0300,684.0914,684.0300,684.0914,400
1408464134,684.1200,684.1200,684.1200,684.1200,500
1408464222,684.0000,684.0800,683.9000,683.9000,800
1408464242,683.8000,684.0800,683.8000,684.0800,1500
1408464334,683.4700,683.6300,683.4700,683.6300,400
1408464370,683.3700,683.3700,683.3700,683.3700,400
1408464521,683.3120,683.6360,683.3120,683.6360,300
1408464759,683.2380,683.2380,683.2380,683.2380,100
1408464782,683.8000,683.8000,683.5300,683.5300,1300
1408464947,683.7500,683.7500,683.6000,683.6100,800
1408465185,683.3200,683.3200,683.3200,683.3200,300
1408465285,683.3800,683.3800,683.3800,683.3800,300
1408465430,683.3700,683.3700,683.3700,683.3700,200
1408465540,683.0600,683.0600,683.0600,683.0600,100
1408465723,683.4508,683.4508,683.2000,683.2000,300
1408465772,683.3200,683.3200,683.3200,683.3200,200
1408466050,683.2200,683.5431,683.2200,683.5431,1100
1408466131,683.1100,683.1100,683.1100,683.1100,100
1408466177,683.0900,683.1491,683.0900,683.1491,200
1408466377,683.5300,683.5300,683.5300,683.5300,100
1408466416,683.5040,683.5040,683.5040,683.5040,200
1408466460,683.8300,683.8300,683.5900,683.5900,500
1408466628,683.4201,683.4201,683.4201,683.4201,200
1408467006,683.4401,683.4401,683.4401,683.4401,300
1408467530,683.7000,683.7000,683.7000,683.7000,700
1408467914,683.9100,683.9700,683.9100,683.9700,300
1408468061,684.3690,684.3690,684.3500,684.3500,300
1408468142,684.6300,684.6300,684.6300,684.6300,300
1408468367,684.1000,684.1900,683.8900,684.1300,1700
1408468402,683.6000,683.6200,683.6000,683.6200,200
1408468440,683.7600,683.7700,683.7600,683.7700,400
1408468541,683.8500,683.9000,683.8500,683.8772,1800
1408469236,684.0600,684.0600,684.0600,684.0600,400
1408469420,684.5000,684.5000,684.5000,684.5000,100
1408469483,684.1100,684.1100,684.1100,684.1100,500
1408469891,683.8500,684.1700,683.8500,684.0000,1800
1408470011,683.8200,683.8200,683.5015,683.5015,1300
1408470202,683.8300,683.8600,683.8300,683.8600,300
1408470246,684.1396,684.1396,684.1396,684.1396,200
1408470852,684.3200,684.3200,684.2400,684.2400,200
1408470916,684.3200,684.3200,684.3200,684.3200,300
1408470994,684.3700,684.3700,684.3700,684.3700,200
1408471199,683.8200,683.8700,683.8200,683.8700,200
1408471257,684.2900,684.2900,684.2900,684.2900,100
1408471493,684.1000,684.1000,684.1000,684.1000,100
1408471593,684.1150,684.1150,683.9100,683.9500,500
1408471947,683.8700,683.8700,683.8700,683.8700,100
1408472302,684.2800,684.2800,684.0500,684.0500,200
1408472363,684.0400,684.0400,683.8700,683.9000,300
1408472421,683.8701,683.8701,683.8701,683.8701,200
1408472491,684.2000,684.2000,684.2000,684.2000,200
1408472529,684.2500,684.2500,684.2500,684.2500,200
1408472620,684.2800,684.2800,683.9700,683.9700,200
1408472640,684.2800,684.2800,684.2800,684.2800,200
1408472775,684.3700,684.3700,684.3700,684.3700,500
1408472910,684.1800,684.5900,684.1800,684.5900,600
1408473163,684.3600,684.3600,684.3600,684.3600,100
1408473296,684.5575,684.5575,684.1400,684.1400,300
1408473300,684.5700,684.5700,684.5700,684.5700,200
1408473435,684.1100,684.3900,684.1100,684.1400,1200
1408473502,684.1300,684.1300,683.9600,684.0800,500
1408473586,683.9550,683.9800,683.9550,683.9800,200
1408473602,683.9500,683.9500,683.9500,683.9500,200
1408473736,684.0400,684.0400,684.0400,684.0400,100
1408473846,684.1900,684.1900,684.1900,684.1900,100
1408473919,683.9500,683.9900,683.9500,683.9900,700
1408473974,684.0154,684.0154,684.0154,684.0154,200
1408474130,683.8100,683.8700,683.4800,683.7700,1200
1408474260,684.0700,684.0700,683.7600,683.8800,1400
1408474454,683.8900,683.8900,683.8900,683.8900,700
1408474636,683.5600,683.5600,683.5500,683.5500,300
1408474721,683.5200,683.5520,683.5200,683.5520,400
1408474936,683.5200,683.5200,683.5200,683.5200,100
1408475041,683.9600,683.9600,683.8300,683.8500,1000
1408475113,684.0000,684.0000,683.9600,684.0000,1000
1408475341,683.7600,683.7600,683.7600,683.7600,100
1408475403,683.7400,683.7400,683.7400,683.7400,100
1408475474,683.5200,683.5200,683.5200,683.5200,0
1408475554,683.4500,683.4500,683.4500,683.4500,800
1408475696,683.7900,683.7900,683.4200,683.4200,500
1408475706,683.4640,683.6400,683.4640,683.6400,800
1408475810,683.0900,683.4200,683.0900,683.4200,900
1408475912,683.3499,683.3499,683.3499,683.3499,500
1408476037,683.3700,683.3700,683.3700,683.3700,800
1408476102,683.4000,683.4000,683.1500,683.1500,300
1408476159,683.0400,683.0400,683.0400,683.0400,200
1408476217,683.0300,683.0300,683.0300,683.0300,100
1408476293,682.6100,682.6100,682.6100,682.6100,800
