1408455059,53.2800,53.3200,53.1900,53.2800,238000
1408455117,53.3200,53.3300,53.2600,53.2800,54300
1408455170,53.3800,53.3800,53.3800,53.3800,43900
1408455236,53.3550,53.4000,53.3300,53.3900,85300
1408455263,53.2850,53.3250,53.2500,53.3200,241200
1408455358,53.3300,53.3400,53.3203,53.3300,18100
1408455360,53.3500,53.3500,53.3400,53.3400,2900
1408455474,53.4000,53.4200,53.4000,53.4200,110800
1408455534,53.4000,53.4100,53.4000,53.4000,49100
1408455596,53.4000,53.4080,53.3900,53.4000,42800
1408455655,53.4000,53.4100,53.4000,53.4050,65700
1408455699,53.3900,53.4200,53.3900,53.4100,38700
1408455748,53.4000,53.4200,53.3800,53.4200,100900
1408455834,53.4300,53.4300,53.4300,53.4300,100
1408455893,53.4601,53.4700,53.4300,53.4300,50000
1408455958,53.4900,53.4900,53.4700,53.4800,39800
1408456013,53.5200,53.5300,53.5000,53.5200,83000
1408456060,53.5500,53.5500,53.5400,53.5400,39600
1408456118,53.4950,53.4950,53.4950,53.4950,78400
1408456211,53.5400,53.5400,53.5400,53.5400,1200
1408456317,53.4600,53.4900,53.4600,53.4800,16000
1408456369,53.4400,53.4500,53.4400,53.4500,4200
1408456392,53.4600,53.4700,53.4500,53.4600,29500
1408456496,53.4768,53.4800,53.4700,53.4700,11800
1408456549,53.4700,53.4800,53.4500,53.4700,27600
1408456563,53.4600,53.4700,53.4600,53.4690,5000
1408456647,53.4400,53.4610,53.4400,53.4610,6300
1408456730,53.4900,53.4900,53.4900,53.4900,11700
1408456771,53.4742,53.4800,53.4700,53.4700,5300
1408456835,53.4850,53.4850,53.4850,53.4850,3900
1408456884,53.4700,53.4700,53.4651,53.4651,40500
1408456924,53.5100,53.5100,53.5000,53.5100,16900
1408457036,53.5500,53.5500,53.5200,53.5200,31600
1408457041,53.5531,53.5600,53.5531,53.5600,13700
1408457154,53.5300,53.5500,53.5300,53.5500,59800
1408457216,53.5500,53.5599,53.5400,53.5599,18800
1408457250,53.5300,53.5400,53.5300,53.5300,21000
1408457320,53.5501,53.5501,53.5301,53.5301,13000
1408457396,53.5600,53.5700,53.5550,53.5550,45500
1408457457,53.5600,53.5700,53.5400,53.5700,34100
1408457469,53.5500,53.5600,53.5200,53.5600,18900
1408457524,53.5500,53.5500,53.5429,53.5429,28900
1408457594,53.5500,53.5500,53.5400,53.5500,15000
1408457699,53.5500,53.5700,53.5450,53.5600,39800
1408457721,53.5500,53.5500,53.5500,53.5500,2800
1408457817,53.5550,53.5550,53.5400,53.5400,24900
1408457878,53.5500,53.5600,53.5500,53.5500,18900
1408457935,53.5500,53.5600,53.5400,53.5499,18500
1408457968,53.5450,53.5500,53.5450,53.5500,13700
1408458059,53.5300,53.5400,53.5300,53.5300,4400
1408458118,53.5000,53.5400,53.4900,53.5400,56700
1408458179,53.5000,53.5300,53.4900,53.5000,55000
1408458215,53.5000,53.5000,53.4950,53.5000,5300
1408458243,53.4900,53.5000,53.4900,53.5000,8100
1408458310,53.4700,53.4800,53.4700,53.4800,4200
1408458396,53.4401,53.4401,53.4401,53.4401,7800
1408458475,53.4500,53.4500,53.4400,53.4400,200
1408458539,53.4300,53.4500,53.4300,53.4410,7600
1408458547,53.4300,53.4350,53.4300,53.4300,2900
1408458655,53.4550,53.4600,53.4300,53.4300,15500
1408458661,53.4670,53.4700,53.4500,53.4550,57200
1408458771,53.4550,53.4700,53.4550,53.4650,14000
1408458836,53.4500,53.4600,53.4400,53.4600,20500
1408458893,53.4200,53.4400,53.4200,53.4400,14200
1408458948,53.4000,53.4150,53.3919,53.4000,28500
1408459011,53.4000,53.4087,53.3900,53.4000,11800
1408459077,53.3800,53.4050,53.3800,53.3900,33100
1408459138,53.4000,53.4000,53.3600,53.3750,11300
1408459148,53.4100,53.4100,53.4000,53.4100,26000
1408459247,53.3900,53.3900,53.3815,53.3900,500
1408459319,53.3951,53.4000,53.3800,53.3800,13400
1408459324,53.4200,53.4200,53.4000,53.4050,15300
1408459439,53.4400,53.4550,53.4300,53.4300,32800
1408459499,53.4400,53.4450,53.4000,53.4200,61000
1408459557,53.4300,53.4300,53.4000,53.4300,27100
1408459619,53.4200,53.4300,53.4200,53.4300,10400
1408459674,53.4100,53.4200,53.4100,53.4100,7600
1408459739,53.4200,53.4200,53.4050,53.4100,18000
1408459740,53.4500,53.4500,53.4198,53.4200,8500
1408459859,53.4400,53.4600,53.4400,53.4500,39700
1408459919,53.4300,53.4600,53.4300,53.4450,62000
1408459976,53.4400,53.4600,53.4300,53.4300,7700
1408459993,53.4500,53.4500,53.4400,53.4400,4700
1408460097,53.4600,53.4600,53.4500,53.4500,3000
1408460159,53.4610,53.4700,53.4500,53.4500,9200
1408460166,53.4600,53.4700,53.4600,53.4600,12100
1408460278,53.4600,53.4700,53.4500,53.4700,16700
1408460302,53.4700,53.4700,53.4610,53.4700,2400
1408460348,53.4800,53.4800,53.4600,53.4700,31000
1408460458,53.4900,53.4900,53.4800,53.4900,5200
1408460517,53.4850,53.4900,53.4800,53.4800,2200
1408460524,53.4800,53.4900,53.4800,53.4900,1800
1408460581,53.4800,53.4900,53.4800,53.4800,8900
1408460698,53.4800,53.4900,53.4800,53.4900,3700
1408460758,53.4800,53.4900,53.4800,53.4852,30900
1408460816,53.4900,53.4900,53.4800,53.4800,11500
1408460877,53.4850,53.4900,53.4800,53.4900,3500
1408460939,53.4850,53.5000,53.4800,53.4900,34500
1408460944,53.4840,53.4900,53.4800,53.4800,6000
1408461058,53.4800,53.4950,53.4700,53.4900,22600
1408461119,53.4925,53.5000,53.4800,53.4800,16300
1408461178,53.4800,53.5000,53.4800,53.4950,9800
1408461238,53.4950,53.5000,53.4800,53.4900,9100
1408461294,53.4900,53.5000,53.4900,53.5000,8000
1408461356,53.5000,53.5000,53.4900,53.5000,15200
1408461409,53.5200,53.5200,53.4900,53.5000,46100
1408461478,53.5100,53.5300,53.5100,53.5200,19600
1408461539,53.5050,53.5200,53.5000,53.5150,10100
1408461597,53.4950,53.5050,53.4900,53.5050,6500
1408461612,53.5100,53.5100,53.4950,53.4950,12800
1408461718,53.4950,53.5000,53.4900,53.5000,7100
1408461720,53.5000,53.5000,53.4900,53.4900,2500
1408461783,53.5000,53.5000,53.4900,53.4969,2200
1408461844,53.4934,53.5000,53.4900,53.4950,3800
1408461957,53.5200,53.5200,53.4900,53.4949,17500
1408462015,53.5300,53.5300,53.5200,53.5250,8300
1408462021,53.5300,53.5300,53.5200,53.5300,14100
1408462084,53.5300,53.5300,53.5200,53.5200,8200
1408462144,53.5200,53.5300,53.5200,53.5300,9200
1408462255,53.5300,53.5300,53.5200,53.5250,8400
1408462319,53.5250,53.5300,53.5200,53.5300,4000
1408462379,53.5200,53.5300,53.5100,53.5300,24700
1408462384,53.4900,53.5200,53.4900,53.5200,11400
1408462499,53.5100,53.5100,53.4900,53.5000,31300
1408462505,53.4900,53.5100,53.4900,53.5100,4500
1408462619,53.4800,53.5000,53.4700,53.5000,23400
1408462679,53.4900,53.5000,53.4701,53.4750,9900
1408462739,53.4651,53.4900,53.4600,53.4900,10400
1408462795,53.4600,53.4700,53.4400,53.4600,14100
1408462859,53.4500,53.4600,53.4400,53.4500,15800
1408462860,53.4450,53.4500,53.4400,53.4500,13500
1408462920,53.4500,53.4550,53.4400,53.4500,11100
1408462980,53.4800,53.4800,53.4600,53.4600,9800
1408463042,53.4600,53.4800,53.4500,53.4800,15700
1408463159,53.4500,53.4600,53.4500,53.4600,22700
1408463217,53.4600,53.4700,53.4500,53.4600,7100
1408463220,53.4750,53.4800,53.4600,53.4650,6600
1408463339,53.4750,53.4800,53.4700,53.4800,2000
1408463340,53.4800,53.4900,53.4700,53.4800,5200
1408463459,53.5000,53.5000,53.4800,53.4800,7400
1408463519,53.5000,53.5000,53.4900,53.5000,1700
1408463578,53.5000,53.5000,53.4900,53.5000,5400
1408463639,53.5000,53.5000,53.4900,53.4900,4900
1408463699,53.5000,53.5100,53.4900,53.4950,32700
1408463752,53.5300,53.5300,53.4931,53.5000,12900
1408463816,53.5300,53.5300,53.5200,53.5300,17800
1408463879,53.5200,53.5400,53.5200,53.5300,27000
1408463936,53.5300,53.5400,53.5100,53.5200,28800
1408463998,53.5300,53.5300,53.5100,53.5300,21700
1408464059,53.5300,53.5400,53.5200,53.5300,24000
1408464119,53.5500,53.5600,53.5200,53.5300,63200
1408464179,53.5500,53.5600,53.5450,53.5500,18200
1408464235,53.5550,53.5600,53.5500,53.5600,4000
1408464299,53.5900,53.6000,53.5550,53.5600,17400
1408464356,53.6150,53.6300,53.6000,53.6000,52700
1408464360,53.6300,53.6300,53.6100,53.6150,36000
1408464423,53.6050,53.6500,53.6000,53.6300,52400
1408464539,53.6000,53.6050,53.5900,53.6050,13200
1408464557,53.5950,53.6100,53.5900,53.6050,10700
1408464654,53.5800,53.5950,53.5800,53.5950,4300
1408464712,53.5850,53.5850,53.5700,53.5850,8700
1408464771,53.5900,53.5900,53.5850,53.5850,1500
1408464839,53.5900,53.5950,53.5800,53.5900,14900
1408464847,53.5900,53.5900,53.5801,53.5900,1300
1408464957,53.6000,53.6000,53.5900,53.5900,5000
1408465019,53.6000,53.6000,53.5900,53.6000,9800
1408465078,53.6000,53.6000,53.6000,53.6000,2500
1408465136,53.6000,53.6000,53.5900,53.6000,13800
1408465199,53.6300,53.6400,53.5900,53.5950,49500
1408465255,53.6500,53.6500,53.6300,53.6300,30200
1408465314,53.6400,53.6500,53.6300,53.6500,11100
1408465379,53.6500,53.6600,53.6450,53.6450,34600
1408465439,53.6500,53.6500,53.6401,53.6469,4600
1408465499,53.6401,53.6500,53.6400,53.6500,7600
1408465559,53.6485,53.6500,53.6400,53.6500,12600
1408465561,53.6500,53.6500,53.6400,53.6500,8100
1408465677,53.6500,53.6500,53.6450,53.6450,3100
1408465680,53.6500,53.6500,53.6500,53.6500,3400
1408465798,53.6500,53.6500,53.6450,53.6450,2100
1408465855,53.6450,53.6500,53.6400,53.6500,9300
1408465917,53.6500,53.6500,53.6401,53.6500,7200
1408465973,53.6500,53.6500,53.6400,53.6500,5400
1408465980,53.6500,53.6500,53.6450,53.6450,7900
1408466045,53.6500,53.6500,53.6450,53.6500,3000
1408466159,53.6480,53.6500,53.6400,53.6500,4000
1408466160,53.6500,53.6500,53.6400,53.6500,6500
1408466275,53.6500,53.6500,53.6300,53.6500,18500
1408466338,53.6450,53.6500,53.6400,53.6500,1800
1408466397,53.6850,53.6900,53.6451,53.6451,60800
1408466400,53.6900,53.6900,53.6800,53.6900,3100
1408466462,53.6900,53.6900,53.6800,53.6900,3900
1408466573,53.7050,53.7100,53.6900,53.6900,13600
1408466639,53.7050,53.7100,53.7000,53.7100,8300
1408466693,53.7100,53.7200,53.7000,53.7050,17400
1408466756,53.6900,53.7100,53.6900,53.7100,20100
1408466816,53.6800,53.6900,53.6800,53.6850,4600
1408466879,53.6800,53.6900,53.6600,53.6800,24400
1408466939,53.6715,53.6900,53.6710,53.6800,7000
1408466997,53.6700,53.6800,53.6700,53.6800,7000
1408467003,53.6750,53.6800,53.6700,53.6719,5700
1408467118,53.6600,53.6800,53.6600,53.6800,15500
1408467176,53.6601,53.6700,53.6500,53.6600,9200
1408467180,53.6850,53.6900,53.6700,53.6700,15100
1408467294,53.6750,53.6900,53.6650,53.6850,8600
1408467359,53.6850,53.6900,53.6700,53.6800,6200
1408467360,53.6700,53.6900,53.6700,53.6900,7300
1408467436,53.6550,53.6750,53.6500,53.6750,8100
1408467537,53.6500,53.6600,53.6400,53.6600,15900
1408467541,53.6450,53.6500,53.6431,53.6500,1500
1408467658,53.6500,53.6500,53.6400,53.6500,15300
1408467660,53.6650,53.6700,53.6500,53.6500,11700
1408467720,53.6650,53.6700,53.6600,53.6700,3600
1408467839,53.6700,53.6700,53.6600,53.6650,6000
1408467898,53.6700,53.6700,53.6600,53.6700,37900
1408467958,53.6700,53.6700,53.6600,53.6650,2900
1408467961,53.6700,53.6700,53.6600,53.6650,1500
1408468078,53.6600,53.6700,53.6600,53.6650,5200
1408468136,53.6700,53.6700,53.6600,53.6700,9500
1408468199,53.6690,53.6700,53.6600,53.6600,3200
1408468259,53.6550,53.6700,53.6500,53.6650,12300
1408468318,53.6400,53.6600,53.6400,53.6500,5800
1408468320,53.6331,53.6450,53.6300,53.6400,4900
1408468383,53.6200,53.6400,53.6000,53.6400,33500
1408468498,53.6300,53.6300,53.6200,53.6200,8800
1408468554,53.6500,53.6500,53.6228,53.6228,8300
1408468618,53.6400,53.6500,53.6300,53.6500,13500
1408468620,53.6400,53.6500,53.6400,53.6500,3900
1408468684,53.6400,53.6500,53.6400,53.6450,5400
1408468740,53.6500,53.6500,53.6400,53.6450,7400
1408468857,53.6400,53.6500,53.6400,53.6500,2400
1408468917,53.6350,53.6450,53.6250,53.6450,16200
1408468925,53.6350,53.6400,53.6300,53.6400,2600
1408468997,53.6400,53.6400,53.6300,53.6300,1400
1408469096,53.6400,53.6400,53.6300,53.6350,7100
1408469101,53.6650,53.6700,53.6350,53.6350,28600
1408469218,53.6650,53.6700,53.6600,53.6700,7000
1408469222,53.6800,53.6800,53.6600,53.6700,10200
1408469338,53.6850,53.6900,53.6700,53.6700,7100
1408469342,53.6300,53.6900,53.6300,53.6800,16900
1408469403,53.6400,53.6400,53.6350,53.6350,3800
1408469519,53.6500,53.6500,53.6400,53.6400,5900
1408469579,53.6400,53.6500,53.6350,53.6500,10300
1408469636,53.6400,53.6400,53.6300,53.6300,13600
1408469695,53.6400,53.6400,53.6300,53.6400,2300
1408469759,53.6600,53.6600,53.6400,53.6400,31600
1408469818,53.6600,53.6600,53.6500,53.6550,7200
1408469823,53.6550,53.6600,53.6500,53.6600,3700
1408469938,53.6600,53.6600,53.6500,53.6600,5200
1408469987,53.6500,53.6600,53.6500,53.6600,9500
1408470059,53.6450,53.6600,53.6400,53.6550,11500
1408470119,53.6400,53.6450,53.6300,53.6400,9400
1408470179,53.6350,53.6400,53.6300,53.6300,2300
1408470191,53.6400,53.6400,53.6300,53.6350,2500
1408470297,53.6500,53.6500,53.6300,53.6400,17100
1408470359,53.6450,53.6500,53.6400,53.6400,15800
1408470360,53.6600,53.6600,53.6400,53.6500,43200
1408470421,53.6800,53.6800,53.6500,53.6600,19800
1408470482,53.6810,53.6900,53.6700,53.6800,9100
1408470599,53.6800,53.6900,53.6700,53.6850,56000
1408470600,53.6900,53.6900,53.6700,53.6900,29000
1408470660,53.6950,53.7000,53.6800,53.6851,13600
1408470779,53.6900,53.7000,53.6900,53.7000,12400
1408470834,53.7000,53.7000,53.6900,53.6950,8800
1408470894,53.6950,53.7000,53.6900,53.6900,4300
1408470905,53.6950,53.7000,53.6900,53.6950,2500
1408471017,53.6900,53.7000,53.6900,53.7000,4800
1408471023,53.6900,53.7000,53.6900,53.6950,6100
1408471080,53.6900,53.7000,53.6800,53.6900,14700
1408471140,53.6900,53.6900,53.6800,53.6900,4600
1408471259,53.6850,53.6900,53.6800,53.6800,4700
1408471311,53.6900,53.6900,53.6800,53.6850,4700
1408471320,53.6750,53.6900,53.6700,53.6800,16300
1408471438,53.6710,53.6800,53.6700,53.6750,2900
1408471499,53.6800,53.6800,53.6650,53.6700,14000
1408471511,53.6610,53.6800,53.6610,53.6700,10400
1408471615,53.6900,53.7000,53.6700,53.6700,37700
1408471677,53.7000,53.7000,53.6850,53.6850,5100
1408471736,53.6900,53.7000,53.6836,53.6950,24300
1408471799,53.6850,53.6900,53.6800,53.6900,10400
1408471800,53.6900,53.7000,53.6810,53.6900,20200
1408471912,53.6850,53.6900,53.6800,53.6900,2200
1408471923,53.6900,53.6900,53.6800,53.6850,3000
1408472038,53.6850,53.6900,53.6838,53.6900,3400
1408472098,53.6850,53.6900,53.6800,53.6900,4400
1408472159,53.6900,53.6900,53.6800,53.6850,5100
1408472218,53.7000,53.7000,53.6800,53.6900,12900
1408472278,53.7000,53.7000,53.6900,53.6950,4700
1408472335,53.6950,53.7000,53.6901,53.6950,4300
1408472399,53.7000,53.7000,53.6900,53.7000,9400
1408472458,53.7000,53.7000,53.6900,53.6950,16100
1408472460,53.6950,53.7000,53.6900,53.7000,28100
1408472522,53.7000,53.7000,53.6900,53.7000,21400
1408472581,53.6950,53.7000,53.6900,53.7000,5000
1408472697,53.6800,53.7000,53.6800,53.7000,19600
1408472753,53.6801,53.6900,53.6800,53.6900,4400
1408472817,53.7000,53.7000,53.6800,53.6800,31300
1408472878,53.7100,53.7100,53.6900,53.7000,76100
1408472880,53.7100,53.7100,53.7000,53.7100,10800
1408472995,53.7050,53.7100,53.7050,53.7100,16300
1408473046,53.7100,53.7100,53.7050,53.7100,3300
1408473118,53.7100,53.7100,53.7050,53.7051,5500
1408473179,53.7000,53.7100,53.6900,53.7050,25300
1408473239,53.6850,53.6900,53.6800,53.6900,7100
1408473299,53.7000,53.7000,53.6800,53.6850,9900
1408473301,53.6900,53.7000,53.6900,53.6954,6000
1408473418,53.6749,53.7000,53.6600,53.6975,28100
1408473474,53.6750,53.6800,53.6700,53.6800,2900
1408473480,53.6750,53.6800,53.6700,53.6731,4700
1408473547,53.6800,53.6800,53.6700,53.6750,4700
1408473658,53.6700,53.6800,53.6700,53.6750,3500
1408473664,53.6800,53.6800,53.6700,53.6700,4700
1408473777,53.6750,53.6800,53.6700,53.6750,3600
1408473839,53.6750,53.6800,53.6700,53.6750,5600
1408473841,53.6800,53.6800,53.6700,53.6750,3400
1408473957,53.6750,53.6800,53.6700,53.6800,3400
1408473960,53.6750,53.6800,53.6700,53.6800,13600
1408474077,53.6750,53.6800,53.6700,53.6750,3300
1408474139,53.6750,53.6800,53.6750,53.6750,2700
1408474199,53.6800,53.6800,53.6700,53.6750,4200
1408474201,53.6750,53.6800,53.6700,53.6800,5600
1408474266,53.6731,53.6800,53.6700,53.6750,5100
1408474379,53.6750,53.6800,53.6700,53.6750,3300
1408474439,53.6800,53.6800,53.6700,53.6750,4200
1408474497,53.6800,53.6800,53.6700,53.6750,14400
1408474558,53.6818,53.6900,53.6700,53.6800,20300
1408474615,53.7000,53.7000,53.6800,53.6900,13800
1408474679,53.7100,53.7100,53.6950,53.7000,29500
1408474681,53.7100,53.7100,53.7000,53.7100,5900
1408474799,53.6700,53.7100,53.6700,53.7100,43700
1408474800,53.6750,53.6800,53.6700,53.6800,12000
1408474866,53.6800,53.6800,53.6700,53.6800,3200
1408474979,53.6800,53.6900,53.6750,53.6750,15900
1408474981,53.6850,53.6900,53.6800,53.6831,8800
1408475097,53.6850,53.6900,53.6818,53.6900,6800
1408475153,53.6850,53.6900,53.6800,53.6900,5600
1408475219,53.6800,53.6900,53.6800,53.6900,5500
1408475276,53.7000,53.7000,53.6850,53.6850,15400
1408475338,53.7000,53.7000,53.6900,53.6950,6300
1408475399,53.6900,53.7000,53.6800,53.6950,75300
1408475458,53.7000,53.7000,53.6900,53.6950,11900
1408475462,53.7000,53.7000,53.7000,53.7000,100
1408475515,53.6901,53.7000,53.6850,53.7000,0
1408475579,53.7000,53.7000,53.6900,53.7000,5700
1408475638,53.6950,53.7000,53.6900,53.6950,8300
1408475695,53.6950,53.7000,53.6918,53.7000,11800
1408475752,53.7400,53.7400,53.6950,53.6950,32800
1408475819,53.7400,53.7450,53.6989,53.7400,14900
1408475872,53.7400,53.7400,53.7350,53.7350,4100
1408475939,53.7450,53.7500,53.7350,53.7400,14400
1408475998,53.7400,53.7500,53.7400,53.7500,11100
1408476057,53.7500,53.7500,53.7400,53.7450,10800
1408476115,53.7450,53.7500,53.7400,53.7400,7000
1408476177,53.7300,53.7500,53.7300,53.7500,12900
1408476239,53.7300,53.7300,53.7200,53.7300,20100
1408476296,53.7150,53.7300,53.7100,53.7300,17100
1408476359,53.7150,53.7200,53.7100,53.7110,4200
1408476360,53.7150,53.7150,53.7150,53.7150,100
