1408455058,584.6900,585.0000,584.6300,584.9900,41600
1408455061,584.5750,584.8500,584.4650,584.6700,10800
1408455149,584.3000,584.3100,584.3000,584.3100,2800
1408455189,584.9000,584.9000,584.3100,584.3500,11000
1408455269,584.4700,584.4700,584.3500,584.3500,2900
1408455348,584.2200,584.4000,584.2200,584.2300,2600
1408455360,584.4037,584.4037,584.4037,584.4037,22000
1408455629,585.6300,585.6300,585.3640,585.3950,4500
1408455702,585.6000,585.6000,585.6000,585.6000,16800
1408455833,585.7500,585.8000,585.7500,585.8000,4100
1408455879,585.9900,585.9900,585.9900,585.9900,100
1408455940,585.7350,585.9900,585.7350,585.9499,4000
1408455989,586.2200,586.2200,586.2200,586.2200,3600
1408456056,585.9800,586.0000,585.9800,586.0000,6500
1408456112,587.0000,587.0000,586.5600,586.5699,21000
1408456254,586.8500,586.9700,586.8500,586.9700,1300
1408456262,587.1200,587.1300,586.9900,586.9900,5900
1408456404,587.0900,587.1300,587.0200,587.0300,3000
1408456497,587.1900,587.1900,587.1900,587.1900,7300
1408456543,587.2000,587.2000,587.1700,587.1700,1200
1408456563,587.0000,587.3400,587.0000,587.2700,7300
1408456714,587.0900,587.0900,587.0900,587.0900,3100
1408456768,586.7200,587.0700,586.7200,587.0500,4600
1408456853,586.2400,586.5699,586.2400,586.5699,7200
1408456999,586.3500,586.5600,586.3500,586.4000,8100
1408457040,586.5950,586.5950,586.4500,586.4500,2200
1408457106,585.8700,586.6200,585.8700,586.6000,3200
1408457182,585.5300,586.1499,585.5200,586.1499,6900
1408457256,585.5100,585.5900,585.5100,585.5900,2800
1408457327,585.9400,585.9400,585.9400,585.9400,500
1408457367,586.1300,586.1300,585.7477,585.7477,1300
1408457459,586.5000,586.5000,586.1100,586.1100,3700
1408457469,586.0200,586.4650,586.0200,586.4650,4300
1408457527,586.3100,586.3900,586.1800,586.3200,7600
1408457593,585.9100,586.0500,585.8900,586.0000,1700
1408457653,586.2900,586.2900,585.9800,586.1200,4800
1408457706,586.1000,586.3400,586.1000,586.2772,7400
1408457968,586.0000,586.2000,586.0000,586.2000,5200
1408458169,586.0200,586.1200,585.8700,586.0300,2000
1408458191,586.0400,586.0400,586.0400,586.0400,2600
1408458253,586.0801,586.2500,586.0801,586.1200,3300
1408458336,586.2200,586.2200,586.2200,586.2200,100
1408458361,585.8300,586.0200,585.8300,585.9600,4900
1408458474,586.0800,586.0800,586.0800,586.0800,2900
1408458506,586.0300,586.0840,586.0000,586.0800,3100
1408458566,586.2150,586.2150,586.0200,586.0200,10500
1408458627,585.9000,585.9000,585.9000,585.9000,400
1408458689,586.1900,586.1900,586.0100,586.1500,1400
1408458723,586.0700,586.2500,586.0700,586.2400,2100
1408458822,586.1700,586.2800,585.9000,585.9300,6200
1408458933,585.6000,585.8450,585.6000,585.8450,14000
1408458967,585.6900,585.7158,585.5400,585.7158,1400
1408459044,585.6600,585.8100,585.5700,585.5700,3700
1408459091,585.9500,585.9500,585.7020,585.7900,1400
1408459194,586.0101,586.0101,586.0101,586.0101,3700
1408459282,585.6300,585.6300,585.6300,585.6300,1300
1408459352,585.8500,585.8500,585.8500,585.8500,800
1408459424,585.6400,585.6400,585.6400,585.6400,200
1408459458,585.9100,585.9500,585.6400,585.8297,1400
1408459508,585.9999,585.9999,585.7800,585.8100,1500
1408459579,585.9500,585.9760,585.9500,585.9760,3100
1408459673,585.7995,585.7995,585.7995,585.7995,1300
1408459719,585.7920,585.7920,585.7920,585.7920,300
1408459771,586.0500,586.0570,586.0500,586.0570,1300
1408459854,586.2100,586.3900,586.1500,586.2400,1000
1408459890,586.3240,586.4399,586.3240,586.4200,2100
1408459970,586.4800,586.5300,586.4800,586.5300,1300
1408459995,586.3700,586.5000,586.2800,586.4900,4300
1408460054,586.4000,586.6300,586.4000,586.6200,2600
1408460101,586.8200,586.8200,586.4000,586.4000,6800
1408460172,586.8900,586.9000,586.7401,586.9000,900
1408460232,586.7100,586.9000,586.6375,586.8960,7900
1408460321,586.8100,586.8100,586.8100,586.8100,700
1408460377,586.8200,587.0000,586.8099,586.8100,3500
1408460523,586.8500,586.9300,586.7300,586.8500,2800
1408460589,586.7900,586.8100,586.7621,586.8100,2400
1408460687,586.8800,586.8800,586.8800,586.8800,800
1408460733,586.6900,586.7000,586.6900,586.7000,1200
1408460776,586.6600,586.7500,586.6500,586.6500,2100
1408460845,586.6700,586.8100,586.6700,586.8010,1100
1408460889,586.8000,586.8000,586.6600,586.7000,1000
1408460946,586.7500,586.8000,586.6900,586.6900,2600
1408461009,586.8800,586.8800,586.6601,586.7800,8600
1408461137,586.9900,587.0000,586.9000,586.9000,4800
1408461212,586.8400,586.9442,586.8400,586.8500,1200
1408461291,587.0000,587.0000,586.9700,586.9900,4900
1408461386,586.8700,586.9100,586.8300,586.8800,600
1408461456,586.7900,586.7900,586.7900,586.7900,700
1408461528,586.8100,586.9700,586.8000,586.8001,1500
1408461582,586.9599,586.9599,586.8000,586.8000,500
1408461609,586.9200,586.9700,586.7900,586.9700,700
1408461663,586.8300,586.9150,586.8300,586.8600,1100
1408461738,586.8400,586.8400,586.8400,586.8400,600
1408461785,586.7800,586.8499,586.7400,586.8499,1400
1408461874,586.8000,586.8000,586.8000,586.8000,200
1408461910,586.8000,586.8800,586.7799,586.7799,1900
1408462013,587.0000,587.0100,587.0000,587.0100,700
1408462025,586.9000,586.9000,586.8100,586.8895,1000
1408462085,586.7600,586.9700,586.7600,586.9700,400
1408462160,586.7500,586.8700,586.7500,586.8700,2200
1408462205,586.9799,586.9799,586.7750,586.7750,900
1408462275,586.9440,586.9440,586.7950,586.7950,400
1408462328,586.7000,586.8000,586.7000,586.8000,2500
1408462403,586.6500,586.7182,586.6100,586.6920,2400
1408462489,586.5900,586.5900,586.3800,586.3800,900
1408462526,586.7000,586.7500,586.4300,586.5000,2500
1408462603,586.5000,586.5500,586.5000,586.5500,1000
1408462670,586.7500,586.7500,586.7000,586.7000,800
1408462689,586.7960,586.7960,586.5800,586.5800,1600
1408462765,586.6500,586.6600,586.5000,586.5800,1700
1408462800,586.6200,586.6900,586.5000,586.5800,2700
1408462906,586.7160,586.7200,586.5600,586.5600,600
1408462934,586.8600,586.9100,586.7600,586.7600,2100
1408462982,586.7000,586.9199,586.7000,586.9199,600
1408463047,586.7000,586.8440,586.7000,586.8440,1500
1408463110,586.8500,586.8500,586.6250,586.6500,3800
1408463167,586.8500,586.9399,586.8500,586.8600,1600
1408463220,586.8225,586.8500,586.8000,586.8000,2000
1408463295,586.7500,586.8500,586.7500,586.8272,2000
1408463399,586.8106,586.8200,586.7500,586.7500,3600
1408463402,586.8100,586.8800,586.8100,586.8200,1700
1408463492,586.8900,586.8900,586.7900,586.7900,700
1408463525,586.7500,586.8300,586.7500,586.8300,800
1408463590,586.5000,586.8760,586.5000,586.8760,3600
1408463642,586.6900,586.6900,586.5000,586.5900,800
1408463701,586.7600,586.7600,586.6500,586.6500,1900
1408463788,586.7600,586.7600,586.7600,586.7600,200
1408463843,586.7600,586.7600,586.7600,586.7600,700
1408463902,586.6200,586.7400,586.6200,586.7400,300
1408463948,586.6200,586.7300,586.6200,586.7300,1100
1408464007,586.6870,586.6870,586.5000,586.6000,1000
1408464083,586.5000,586.5200,586.5000,586.5200,3400
1408464158,586.6250,586.6250,586.6250,586.6250,200
1408464183,586.0200,586.5000,586.0200,586.3800,2300
1408464263,586.3700,586.3700,586.1100,586.1100,1700
1408464302,585.8800,586.1546,585.8800,586.1500,3100
1408464393,585.7000,585.8500,585.7000,585.8500,1200
1408464473,585.6700,585.7890,585.6700,585.7890,700
1408464481,585.7497,585.7497,585.7279,585.7279,500
1408464550,585.7900,585.7900,585.6200,585.6730,2500
1408464604,585.8301,585.8301,585.8301,585.8301,600
1408464668,585.5300,585.7500,585.5300,585.7500,1500
1408464766,585.8260,585.8260,585.8260,585.8260,200
1408464833,585.9990,585.9990,585.9900,585.9900,300
1408464856,585.7900,585.9600,585.7900,585.9600,900
1408464974,586.0200,586.0400,585.9300,585.9800,1800
1408465026,585.9000,586.0000,585.9000,586.0000,1500
1408465088,585.7200,585.7400,585.6800,585.6800,300
1408465144,585.8900,585.8900,585.7320,585.7320,1600
1408465274,585.9300,585.9300,585.9000,585.9000,400
1408465321,585.9600,585.9600,585.7600,585.8400,2400
1408465499,585.9500,586.0100,585.9100,585.9100,900
1408465500,586.0200,586.3900,585.7961,586.0500,3500
1408465590,586.1700,586.2500,586.1700,586.2500,700
1408465630,586.2499,586.2500,586.2499,586.2500,1100
1408465716,586.3500,586.3700,585.9550,586.0500,1800
1408465742,586.3900,586.3900,586.1505,586.1850,2200
1408465814,586.3750,586.6100,586.2501,586.4800,1800
1408465874,586.3250,586.3250,586.1200,586.2500,1500
1408465944,586.0800,586.3000,586.0800,586.2300,700
1408466036,586.1500,586.3150,586.0800,586.0800,500
1408466044,586.3844,586.3950,586.2710,586.2850,1400
1408466101,586.4000,586.5300,586.2797,586.2797,3500
1408466165,586.4899,586.4899,586.3800,586.3800,700
1408466234,586.3620,586.4800,586.1742,586.2700,1000
1408466346,586.4800,586.4800,586.4800,586.4800,500
1408466417,586.4699,586.4699,586.3800,586.3800,600
1408466471,586.2700,586.2700,586.2700,586.2700,500
1408466579,586.4600,586.4600,586.4600,586.4600,300
1408466638,586.5000,586.5000,586.3800,586.4000,2500
1408466698,586.5075,586.5300,586.4150,586.4900,1900
1408466705,586.4500,586.5300,586.3950,586.3950,900
1408466798,586.5610,586.5610,586.5610,586.5610,400
1408466847,586.5420,586.5420,586.5420,586.5420,200
1408466927,586.6800,586.6800,586.3950,586.3950,2000
1408466947,586.6700,586.7080,586.6700,586.7080,500
1408467009,586.5900,586.6300,586.5900,586.6300,900
1408467071,586.8000,586.8000,586.6600,586.6600,3200
1408467164,586.6600,586.8000,586.6600,586.6800,500
1408467250,586.8000,586.8000,586.6200,586.6200,700
1408467315,586.8400,586.8400,586.7300,586.8390,800
1408467381,586.8600,586.8600,586.8500,586.8500,800
1408467539,586.8300,586.8300,586.8150,586.8150,200
1408467541,586.7400,586.7500,586.7400,586.7500,500
1408467625,586.8400,586.8400,586.7100,586.8000,700
1408467675,586.8000,586.8000,586.8000,586.8000,300
1408467721,586.8000,586.8100,586.7200,586.7200,1500
1408467785,586.8600,586.8600,586.8600,586.8600,1100
1408467844,586.8400,586.8800,586.8400,586.8700,800
1408467951,586.9400,586.9400,586.8750,586.8750,700
1408467965,586.8500,587.0000,586.8500,586.9003,3500
1408468056,586.8700,586.8700,586.8700,586.8700,300
1408468116,586.8600,586.8700,586.8600,586.8700,200
1408468185,586.7750,586.8600,586.7450,586.8600,700
1408468249,586.7300,586.8400,586.7300,586.8400,200
1408468273,586.5600,586.8035,586.5600,586.7000,1300
1408468329,586.6400,586.6400,586.6400,586.6400,400
1408468387,586.6000,586.7100,586.5200,586.7000,2900
1408468484,586.7500,586.7500,586.7500,586.7500,200
1408468524,586.6900,586.7500,586.6900,586.7499,2000
1408468592,586.5032,586.8500,586.5032,586.7700,3700
1408468640,586.8280,586.8280,586.6800,586.6800,400
1408468723,586.7900,586.7900,586.7900,586.7900,100
1408468746,586.6622,586.7635,586.6622,586.7635,700
1408468808,586.7460,586.7700,586.7400,586.7700,300
1408468869,586.7700,586.8800,586.6800,586.6800,2100
1408468926,586.7020,586.7400,586.7020,586.7400,500
1408468999,586.7600,586.7900,586.7600,586.7900,300
1408469057,586.8000,586.8000,586.7400,586.7400,500
1408469163,586.7700,586.8900,586.7700,586.8900,500
1408469235,586.8594,586.8594,586.8594,586.8594,300
1408469280,586.8090,586.8350,586.8090,586.8350,1200
1408469350,586.7600,586.8600,586.7600,586.8350,1000
1408469489,586.8500,586.8500,586.7650,586.7650,500
1408469523,586.8000,586.8000,586.8000,586.8000,200
1408469592,586.6950,586.7650,586.6660,586.7650,800
1408469661,586.8100,586.8100,586.5200,586.6100,2300
1408469772,586.7200,586.8795,586.6500,586.8600,3600
1408469861,586.8199,586.8199,586.7000,586.7000,1400
1408470007,586.7000,586.7500,586.6200,586.6200,800
1408470074,586.7300,586.7400,586.6500,586.7400,2200
1408470124,586.8050,586.8050,586.7200,586.7200,1600
1408470180,586.7200,586.8250,586.7200,586.7800,2900
1408470240,586.8050,586.8900,586.5500,586.5500,1600
1408470341,586.7500,586.7500,586.7500,586.7500,300
1408470419,586.7900,586.7900,586.7900,586.7900,300
1408470457,586.7200,586.7400,586.7200,586.7300,900
1408470539,586.7210,586.7360,586.7200,586.7200,700
1408470540,586.6900,586.7300,586.6800,586.7300,1200
1408470616,586.6500,586.7200,586.6400,586.6900,1900
1408470661,586.6000,586.6100,586.6000,586.6100,900
1408470794,586.6999,586.6999,586.6999,586.6999,600
1408470908,586.6200,586.7600,586.6200,586.7600,700
1408471010,586.6000,586.6050,586.6000,586.6050,200
1408471029,586.6100,586.6600,586.6000,586.6400,1000
1408471090,586.5800,586.7000,586.5800,586.6100,1100
1408471183,586.6588,586.6894,586.6588,586.6894,600
1408471215,586.5600,586.5900,586.5600,586.5810,1000
1408471277,586.6900,586.6900,586.6700,586.6700,900
1408471333,586.6500,586.6500,586.6038,586.6038,900
1408471458,586.7400,586.8300,586.7400,586.7600,2300
1408471503,586.5900,586.7060,586.5900,586.7000,1600
1408471564,586.6840,586.7230,586.4900,586.5900,2200
1408471648,586.4700,586.5000,586.4700,586.5000,700
1408471690,586.4400,586.4680,586.4400,586.4680,800
1408471744,586.4400,586.4400,586.4100,586.4400,1200
1408471809,586.3600,586.4000,586.3400,586.4000,700
1408471875,586.3800,586.3800,586.3500,586.3500,400
1408471928,586.4600,586.5100,586.4600,586.4900,1100
1408471985,586.4600,586.4600,586.4600,586.4600,300
1408472053,586.5100,586.5100,586.4900,586.4900,300
1408472101,586.4500,586.5600,586.4500,586.5600,1200
1408472166,586.5400,586.5400,586.5400,586.5400,600
1408472293,586.3150,586.4700,586.3150,586.4500,1400
1408472360,586.3700,586.3700,586.3700,586.3700,200
1408472404,586.6400,586.6400,586.4868,586.4868,800
1408472482,586.7200,586.7200,586.6340,586.6340,700
1408472523,586.6000,586.7999,586.6000,586.7400,1100
1408472585,586.5396,586.5900,586.5396,586.5900,1500
1408472642,586.5400,586.6400,586.5300,586.6400,900
1408472715,586.6600,586.6950,586.4150,586.5500,2900
1408472827,586.6800,586.8300,586.6800,586.8299,3000
1408472940,586.6750,586.6750,586.6200,586.6200,400
1408473000,586.7200,586.8000,586.7100,586.7200,1000
1408473062,586.8200,586.8200,586.6700,586.6700,5000
1408473131,586.7300,586.7900,586.6500,586.7900,1900
1408473181,586.8200,586.8200,586.7100,586.7100,900
1408473240,586.9000,586.9000,586.7500,586.8100,8400
1408473318,586.9900,586.9900,586.9100,586.9100,1300
1408473384,586.8000,586.9350,586.8000,586.8700,2700
1408473445,586.8200,586.9180,586.8200,586.8300,900
1408473485,586.8690,586.8690,586.8690,586.8690,300
1408473558,586.9040,586.9300,586.8100,586.8100,1200
1408473669,586.8600,586.9159,586.8600,586.9159,700
1408473731,586.8500,586.8500,586.8200,586.8200,700
1408473832,586.9100,586.9100,586.9100,586.9100,100
1408473853,586.9250,586.9250,586.8600,586.8600,1000
1408473952,586.8968,586.8968,586.8968,586.8968,200
1408473961,586.8900,586.9700,586.8300,586.8800,1300
1408474041,586.9980,587.0000,586.8810,586.9300,2600
1408474085,587.0000,587.0000,586.8900,587.0000,1900
1408474238,586.9800,587.0000,586.9800,587.0000,1600
1408474273,586.9200,587.0000,586.9200,587.0000,1300
1408474320,586.8700,587.0000,586.8600,586.8600,600
1408474387,587.0000,587.0000,586.9800,586.9800,800
1408474454,586.9200,586.9300,586.9200,586.9300,700
1408474532,586.8900,586.9880,586.8900,586.9880,400
1408474561,586.9300,587.0000,586.8500,586.8850,3500
1408474659,587.0000,587.0000,586.9000,586.9600,1200
1408474683,586.8600,587.0000,586.8600,587.0000,2700
1408474747,586.8260,586.8700,586.8260,586.8700,900
1408474810,586.7560,586.9000,586.7070,586.7800,1300
1408474962,586.7300,586.7300,586.7300,586.7300,400
1408474989,586.6540,586.7703,586.6540,586.7300,2100
1408475041,586.8100,586.9389,586.8100,586.8600,2400
1408475108,586.9280,586.9450,586.8800,586.8800,1400
1408475192,586.9100,586.9100,586.9100,586.9100,300
1408475222,586.9400,586.9400,586.9100,586.9100,300
1408475280,586.8600,586.8900,586.8600,586.8900,1300
1408475415,586.6800,586.6800,586.6800,586.6800,100
1408475443,586.8000,586.8000,586.8000,586.8000,0
1408475560,586.8200,586.8658,586.8200,586.8200,500
1408475621,586.8250,586.8250,586.8250,586.8250,200
1408475681,586.8700,586.8700,586.7620,586.7700,2300
1408475755,586.9999,587.0000,586.8800,586.8800,800
1408475810,586.9860,586.9999,586.8845,586.8845,500
1408475869,586.9900,586.9900,586.8600,586.8600,1500
1408475928,586.9900,586.9900,586.9010,586.9010,1000
1408475995,586.8500,586.9200,586.8500,586.8500,1000
1408476057,586.8200,586.9150,586.7900,586.8300,700
1408476114,586.7898,586.8800,586.7898,586.8800,700
1408476132,586.9130,586.9130,586.9130,586.9130,200
1408476210,586.9250,586.9599,586.8600,586.9599,1300
1408476284,586.9360,586.9500,586.9360,586.9500,700
1408476305,586.9360,586.9360,586.9360,586.9360,100
1408476345,586.9600,586.9600,586.9360,586.9360,600
1408476413,587.0000,587.0000,586.9240,586.9800,800
1408476462,586.9700,587.0200,586.9300,587.0000,1600
1408476512,586.9900,587.0150,586.9300,587.0000,700
1408476561,586.9700,586.9700,586.9700,586.9700,100
