1408455059,45.0000,45.0200,44.9300,44.9600,669300
1408455119,44.9150,45.0200,44.9100,45.0100,111400
1408455147,44.8500,44.9500,44.8500,44.9400,147800
1408455234,44.8500,44.8900,44.8500,44.8700,162100
1408455264,44.8800,44.8800,44.8300,44.8300,68300
1408455323,44.8957,44.9000,44.8700,44.8700,89800
1408455361,44.9000,44.9050,44.9000,44.9000,2800
1408455455,44.9450,44.9450,44.9300,44.9350,229700
1408455524,44.9600,44.9650,44.9500,44.9600,50500
1408455596,44.9750,44.9800,44.9750,44.9800,90700
1408455658,44.9851,44.9950,44.9800,44.9900,111500
1408455716,44.9850,44.9900,44.9800,44.9800,42700
1408455750,44.9897,44.9950,44.9800,44.9900,120600
1408455817,45.0000,45.0085,44.9900,45.0000,57200
1408455888,44.9900,44.9900,44.9800,44.9800,66400
1408455914,44.9800,45.0000,44.9800,45.0000,66400
1408456029,44.9620,44.9950,44.9600,44.9950,169600
1408456134,44.9537,44.9800,44.9500,44.9700,85900
1408456186,44.9500,44.9700,44.9500,44.9650,30200
1408456240,44.9600,44.9610,44.9600,44.9610,121500
1408456317,44.9500,44.9600,44.9400,44.9500,96600
1408456327,44.9500,44.9550,44.9500,44.9501,22000
1408456390,44.9500,44.9600,44.9400,44.9550,236300
1408456497,44.9200,44.9550,44.9200,44.9510,78400
1408456558,44.9100,44.9300,44.9100,44.9200,62000
1408456564,44.8800,44.9200,44.8800,44.9100,99600
1408456668,44.9250,44.9300,44.9100,44.9110,225700
1408456714,44.9400,44.9400,44.9201,44.9201,105200
1408456767,44.9400,44.9500,44.9400,44.9450,54400
1408456801,44.9700,44.9700,44.9500,44.9599,61300
1408456885,44.9500,44.9650,44.9500,44.9600,159000
1408456967,44.9450,44.9500,44.9401,44.9499,36900
1408457000,44.9300,44.9400,44.9300,44.9350,92600
1408457097,44.9250,44.9400,44.9200,44.9400,72000
1408457104,44.9200,44.9290,44.9100,44.9200,144400
1408457218,44.9500,44.9500,44.9400,44.9400,13700
1408457229,44.9300,44.9500,44.9300,44.9500,116800
1408457281,44.9350,44.9400,44.9300,44.9300,75300
1408457358,44.9150,44.9400,44.9100,44.9300,52500
1408457426,44.9200,44.9200,44.9100,44.9174,108700
1408457517,44.9050,44.9050,44.8800,44.8800,65600
1408457521,44.9100,44.9100,44.9000,44.9050,104700
1408457593,44.9200,44.9300,44.9100,44.9250,36200
1408457643,44.9350,44.9400,44.9100,44.9200,65100
1408457759,44.9450,44.9550,44.9300,44.9350,51500
1408457769,44.9370,44.9499,44.9370,44.9499,35300
1408457877,44.9800,44.9800,44.9500,44.9500,22100
1408457894,44.9920,45.0000,44.9850,44.9850,53900
1408457997,45.0300,45.0300,44.9900,44.9950,100300
1408458008,45.0400,45.0400,45.0110,45.0300,69100
1408458070,45.0401,45.0500,45.0300,45.0350,35000
1408458178,45.0800,45.0900,45.0400,45.0500,52100
1408458183,45.0749,45.0800,45.0500,45.0600,69900
1408458244,45.0900,45.0900,45.0700,45.0750,47000
1408458311,45.0850,45.0900,45.0800,45.0800,35600
1408458419,45.0900,45.0900,45.0800,45.0900,69500
1408458424,45.1000,45.1000,45.0800,45.0800,27700
1408458539,45.1050,45.1100,45.0910,45.1000,83600
1408458593,45.1050,45.1200,45.1000,45.1000,64500
1408458620,45.1150,45.1200,45.1100,45.1200,47300
1408458717,45.1100,45.1200,45.1000,45.1150,37700
1408458779,45.1150,45.1300,45.1100,45.1150,73200
1408458784,45.1300,45.1300,45.1110,45.1200,52800
1408458898,45.1249,45.1300,45.1200,45.1300,26600
1408458958,45.1150,45.1250,45.1000,45.1250,164400
1408459019,45.1100,45.1200,45.1000,45.1050,40000
1408459079,45.1500,45.1500,45.1000,45.1100,262600
1408459137,45.1250,45.1550,45.1200,45.1410,110200
1408459148,45.1450,45.1500,45.1200,45.1250,56800
1408459214,45.1550,45.1600,45.1350,45.1350,94700
1408459319,45.1550,45.1600,45.1500,45.1501,32800
1408459328,45.1600,45.1700,45.1400,45.1500,184900
1408459439,45.1800,45.1869,45.1500,45.1550,82700
1408459457,45.1730,45.1800,45.1700,45.1750,69200
1408459501,45.1701,45.1757,45.1700,45.1750,31300
1408459619,45.1650,45.1800,45.1600,45.1750,81700
1408459679,45.1900,45.2000,45.1650,45.1700,83200
1408459680,45.1810,45.2000,45.1800,45.1950,28100
1408459799,45.1900,45.2000,45.1800,45.1850,90400
1408459859,45.1950,45.2000,45.1900,45.1948,36800
1408459862,45.2000,45.2000,45.1900,45.1950,47500
1408459924,45.2226,45.2300,45.1951,45.2000,102100
1408460038,45.2300,45.2300,45.2200,45.2250,55800
1408460098,45.2400,45.2400,45.2200,45.2300,51200
1408460103,45.2500,45.2500,45.2300,45.2350,93100
1408460219,45.2200,45.2500,45.2200,45.2400,40900
1408460277,45.2300,45.2400,45.2200,45.2299,92600
1408460331,45.2100,45.2300,45.2100,45.2200,30600
1408460397,45.2200,45.2300,45.2100,45.2132,193700
1408460457,45.2250,45.2300,45.2200,45.2200,19900
1408460519,45.2050,45.2300,45.2000,45.2200,83500
1408460523,45.2150,45.2200,45.2000,45.2000,30900
1408460581,45.2128,45.2200,45.2100,45.2170,9600
1408460697,45.2150,45.2151,45.2100,45.2100,20300
1408460759,45.2250,45.2300,45.2100,45.2144,66700
1408460818,45.2300,45.2300,45.2200,45.2250,31300
1408460879,45.2250,45.2300,45.2200,45.2250,24000
1408460939,45.2200,45.2300,45.2200,45.2250,33700
1408460997,45.2250,45.2300,45.2200,45.2250,36100
1408461059,45.2200,45.2300,45.2200,45.2200,22900
1408461118,45.2500,45.2500,45.2200,45.2300,95400
1408461121,45.2500,45.2500,45.2400,45.2500,34100
1408461239,45.2300,45.2500,45.2200,45.2400,92700
1408461298,45.2258,45.2400,45.2100,45.2300,92700
1408461311,45.2250,45.2300,45.2200,45.2300,113900
1408461419,45.2250,45.2300,45.2200,45.2300,28400
1408461424,45.2200,45.2300,45.2200,45.2200,42600
1408461539,45.2100,45.2300,45.2000,45.2200,180700
1408461544,45.2226,45.2300,45.2000,45.2010,36300
1408461656,45.2250,45.2300,45.2200,45.2257,33700
1408461719,45.1800,45.2200,45.1700,45.2200,103500
1408461720,45.1900,45.1900,45.1800,45.1800,17000
1408461833,45.1900,45.2000,45.1800,45.1850,41000
1408461899,45.1800,45.2000,45.1800,45.2000,45100
1408461904,45.1800,45.1900,45.1701,45.1800,161500
1408462015,45.1449,45.1750,45.1400,45.1700,83400
1408462078,45.1151,45.1350,45.1100,45.1300,86300
1408462082,45.1200,45.1300,45.1000,45.1150,86000
1408462149,45.1100,45.1300,45.1100,45.1262,45400
1408462258,45.1100,45.1300,45.1100,45.1100,73300
1408462319,45.1000,45.1200,45.1000,45.1100,36500
1408462379,45.0900,45.1100,45.0837,45.1050,55400
1408462439,45.0700,45.0900,45.0600,45.0850,109100
1408462498,45.0600,45.0750,45.0500,45.0600,62300
1408462510,45.0400,45.0600,45.0400,45.0542,39100
1408462619,45.0400,45.0600,45.0400,45.0400,45400
1408462679,45.0590,45.0700,45.0432,45.0466,43500
1408462683,45.0500,45.0644,45.0300,45.0600,103900
1408462740,45.0300,45.0500,45.0200,45.0450,53500
1408462803,45.0300,45.0500,45.0100,45.0300,137000
1408462919,45.0300,45.0400,45.0200,45.0300,54800
1408462977,45.0700,45.0800,45.0299,45.0299,65500
1408463039,45.0510,45.0800,45.0510,45.0751,22200
1408463099,45.0400,45.0600,45.0300,45.0519,24700
1408463100,45.0400,45.0450,45.0300,45.0300,35600
1408463219,45.0600,45.0600,45.0400,45.0400,217600
1408463220,45.0570,45.0600,45.0400,45.0500,25500
1408463281,45.0700,45.0800,45.0400,45.0500,97400
1408463340,45.0700,45.0700,45.0400,45.0700,46300
1408463459,45.0400,45.0700,45.0400,45.0700,17700
1408463518,45.0600,45.0700,45.0400,45.0400,15900
1408463521,45.0400,45.0610,45.0400,45.0600,23600
1408463639,45.0500,45.0600,45.0450,45.0451,25400
1408463698,45.0500,45.0600,45.0300,45.0500,41000
1408463755,45.0790,45.0800,45.0500,45.0501,27900
1408463760,45.0600,45.0799,45.0500,45.0700,25900
1408463820,45.0445,45.0650,45.0400,45.0602,9500
1408463935,45.0500,45.0600,45.0400,45.0500,29500
1408463999,45.0528,45.0600,45.0300,45.0400,26600
1408464059,45.0500,45.0600,45.0300,45.0500,55900
1408464119,45.0400,45.0600,45.0300,45.0400,26400
1408464179,45.0400,45.0500,45.0350,45.0450,14400
1408464239,45.0490,45.0600,45.0300,45.0500,31200
1408464299,45.0600,45.0700,45.0410,45.0501,20100
1408464359,45.0470,45.0700,45.0400,45.0700,37900
1408464360,45.0558,45.0558,45.0350,45.0500,220400
1408464477,45.0800,45.0800,45.0550,45.0550,139000
1408464539,45.0800,45.0900,45.0600,45.0800,22500
1408464540,45.0800,45.0800,45.0700,45.0750,20200
1408464653,45.0700,45.0900,45.0700,45.0850,17900
1408464719,45.0700,45.0700,45.0400,45.0600,46000
1408464720,45.0500,45.0700,45.0400,45.0700,25900
1408464780,45.0500,45.0600,45.0400,45.0500,14800
1408464842,45.0500,45.0600,45.0301,45.0600,98600
1408464900,45.0500,45.0600,45.0401,45.0401,24400
1408464962,45.0400,45.0600,45.0300,45.0400,42400
1408465079,45.0400,45.0600,45.0400,45.0500,19100
1408465082,45.0400,45.0500,45.0400,45.0400,28600
1408465199,45.0400,45.0500,45.0400,45.0400,10600
1408465256,45.0600,45.0800,45.0400,45.0400,94200
1408465260,45.0600,45.0800,45.0600,45.0655,27700
1408465323,45.0600,45.0700,45.0500,45.0700,25700
1408465382,45.0750,45.0800,45.0600,45.0699,27200
1408465449,45.0700,45.0758,45.0600,45.0700,6500
1408465559,45.0800,45.0800,45.0600,45.0644,36200
1408465561,45.0870,45.0900,45.0600,45.0700,43200
1408465623,45.0850,45.0900,45.0800,45.0900,7100
1408465739,45.0900,45.0900,45.0800,45.0800,31900
1408465740,45.0890,45.0900,45.0800,45.0850,12100
1408465804,45.0850,45.0900,45.0800,45.0900,30200
1408465915,45.0950,45.1200,45.0800,45.0800,85800
1408465920,45.0838,45.1000,45.0800,45.1000,26400
1408466036,45.0850,45.0900,45.0800,45.0850,16000
1408466098,45.0830,45.0880,45.0700,45.0850,16000
1408466159,45.0900,45.0900,45.0700,45.0850,27000
1408466161,45.0850,45.0900,45.0800,45.0900,3500
1408466278,45.0700,45.0850,45.0700,45.0800,26900
1408466282,45.0600,45.0750,45.0600,45.0728,20500
1408466388,45.0650,45.0700,45.0600,45.0600,3800
1408466401,45.0750,45.0800,45.0600,45.0600,28700
1408466465,45.0750,45.0800,45.0600,45.0700,28400
1408466577,45.0750,45.0800,45.0700,45.0750,6600
1408466637,45.0700,45.0800,45.0600,45.0750,29700
1408466644,45.0750,45.0800,45.0700,45.0700,7200
1408466759,45.0600,45.0700,45.0600,45.0700,11500
1408466819,45.0600,45.0700,45.0600,45.0700,10800
1408466879,45.0600,45.0700,45.0600,45.0620,93500
1408466939,45.0600,45.0700,45.0500,45.0600,62700
1408466999,45.0500,45.0700,45.0400,45.0600,30200
1408467059,45.0400,45.0500,45.0400,45.0500,9100
1408467060,45.0450,45.0500,45.0350,45.0400,38500
1408467178,45.0500,45.0700,45.0300,45.0400,113100
1408467183,45.0500,45.0500,45.0350,45.0500,18900
1408467299,45.0400,45.0500,45.0400,45.0450,19600
1408467359,45.0400,45.0500,45.0400,45.0450,10300
1408467419,45.0450,45.0500,45.0400,45.0450,19300
1408467479,45.0400,45.0500,45.0400,45.0400,12000
1408467539,45.0450,45.0500,45.0400,45.0500,30200
1408467597,45.0400,45.0500,45.0400,45.0500,7000
1408467656,45.0600,45.0700,45.0400,45.0400,50900
1408467719,45.0550,45.0600,45.0500,45.0550,17700
1408467725,45.0550,45.0600,45.0500,45.0530,14400
1408467780,45.0600,45.0600,45.0500,45.0500,7300
1408467841,45.0600,45.0600,45.0500,45.0600,699900
1408467959,45.0550,45.0600,45.0500,45.0550,13900
1408468019,45.0542,45.0600,45.0500,45.0599,20100
1408468020,45.0500,45.0600,45.0500,45.0550,17400
1408468138,45.0550,45.0600,45.0500,45.0500,15600
1408468140,45.0500,45.0600,45.0500,45.0600,10700
1408468200,45.0500,45.0600,45.0500,45.0550,9600
1408468319,45.0550,45.0600,45.0500,45.0500,46700
1408468378,45.0450,45.0600,45.0400,45.0600,26500
1408468439,45.0450,45.0500,45.0400,45.0450,16100
1408468499,45.0450,45.0500,45.0400,45.0500,19500
1408468559,45.0400,45.0500,45.0400,45.0500,7100
1408468617,45.0450,45.0500,45.0400,45.0401,19200
1408468679,45.0450,45.0500,45.0400,45.0450,8400
1408468738,45.0400,45.0500,45.0400,45.0400,6300
1408468799,45.0350,45.0450,45.0300,45.0400,71500
1408468857,45.0350,45.0400,45.0300,45.0300,11300
1408468863,45.0500,45.0500,45.0300,45.0300,44800
1408468921,45.0400,45.0500,45.0400,45.0500,10400
1408469039,45.0450,45.0500,45.0400,45.0400,35000
1408469096,45.0450,45.0500,45.0400,45.0500,10600
1408469100,45.0500,45.0500,45.0400,45.0400,40000
1408469219,45.0400,45.0500,45.0400,45.0400,14100
1408469278,45.0450,45.0500,45.0400,45.0400,19800
1408469280,45.0400,45.0500,45.0350,45.0400,41400
1408469340,45.0400,45.0500,45.0400,45.0445,20700
1408469459,45.0400,45.0500,45.0300,45.0400,104500
1408469465,45.0500,45.0600,45.0400,45.0400,127400
1408469579,45.0550,45.0600,45.0500,45.0500,47200
1408469639,45.0500,45.0570,45.0500,45.0500,24000
1408469641,45.0600,45.0600,45.0500,45.0500,18100
1408469700,45.0550,45.0600,45.0500,45.0500,15700
1408469819,45.0500,45.0600,45.0500,45.0500,18200
1408469879,45.0600,45.0600,45.0500,45.0500,14600
1408469939,45.0600,45.0600,45.0500,45.0600,19600
1408469941,45.0200,45.0550,45.0200,45.0550,86500
1408470059,45.0250,45.0300,45.0200,45.0200,25100
1408470119,45.0100,45.0300,45.0100,45.0200,36500
1408470179,45.0000,45.0199,45.0000,45.0100,62900
1408470239,45.0400,45.0400,45.0000,45.0000,196200
1408470299,45.0500,45.0500,45.0300,45.0400,30000
1408470354,45.0500,45.0500,45.0400,45.0450,13300
1408470419,45.0500,45.0500,45.0400,45.0450,20500
1408470479,45.0400,45.0500,45.0400,45.0450,20800
1408470539,45.0450,45.0500,45.0400,45.0480,16900
1408470540,45.0500,45.0500,45.0400,45.0450,11600
1408470601,45.0350,45.0500,45.0300,45.0468,70200
1408470719,45.0500,45.0500,45.0300,45.0350,52000
1408470775,45.0400,45.0500,45.0400,45.0500,12600
1408470781,45.0400,45.0500,45.0400,45.0500,15600
1408470841,45.0450,45.0500,45.0400,45.0400,38800
1408470959,45.0400,45.0450,45.0400,45.0400,12200
1408471018,45.0300,45.0500,45.0300,45.0400,25200
1408471021,45.0401,45.0500,45.0300,45.0350,97400
1408471139,45.0400,45.0499,45.0400,45.0450,54100
1408471198,45.0450,45.0462,45.0400,45.0462,19000
1408471259,45.0400,45.0458,45.0400,45.0410,13300
1408471319,45.0400,45.0500,45.0400,45.0450,19000
1408471379,45.0400,45.0499,45.0400,45.0400,17600
1408471439,45.0400,45.0500,45.0300,45.0450,92700
1408471499,45.0500,45.0600,45.0300,45.0400,113200
1408471555,45.0500,45.0655,45.0500,45.0600,28700
1408471617,45.0500,45.0600,45.0500,45.0500,15900
1408471620,45.0700,45.0800,45.0500,45.0500,63600
1408471683,45.0700,45.0799,45.0700,45.0730,7600
1408471799,45.1100,45.1200,45.0600,45.0700,308700
1408471858,45.1000,45.1100,45.0900,45.1100,22300
1408471919,45.0850,45.1000,45.0800,45.0900,28600
1408471978,45.0800,45.0899,45.0800,45.0850,9100
1408472039,45.0750,45.0900,45.0700,45.0850,23300
1408472098,45.0750,45.0800,45.0700,45.0700,17000
1408472100,45.0507,45.0800,45.0500,45.0750,25500
1408472218,45.0601,45.0700,45.0400,45.0550,76700
1408472279,45.0827,45.1000,45.0700,45.0700,76300
1408472339,45.0801,45.0900,45.0800,45.0900,26500
1408472398,45.0780,45.0900,45.0700,45.0800,46300
1408472459,45.0700,45.0800,45.0700,45.0728,19800
1408472518,45.0700,45.0800,45.0700,45.0700,25900
1408472579,45.0700,45.0800,45.0700,45.0800,12100
1408472639,45.0650,45.0750,45.0600,45.0700,28900
1408472696,45.0650,45.0699,45.0600,45.0650,12800
1408472758,45.0600,45.0700,45.0600,45.0600,13800
1408472819,45.0710,45.0800,45.0600,45.0650,60200
1408472821,45.0750,45.0800,45.0700,45.0750,38600
1408472939,45.0700,45.0800,45.0700,45.0700,51200
1408472999,45.0700,45.0800,45.0700,45.0700,24000
1408473059,45.0750,45.0800,45.0700,45.0700,46400
1408473119,45.0850,45.0900,45.0700,45.0750,58700
1408473179,45.0850,45.0900,45.0800,45.0900,8400
1408473180,45.0900,45.0900,45.0800,45.0850,9500
1408473296,45.0800,45.0900,45.0800,45.0800,12600
1408473300,45.1000,45.1000,45.0800,45.0850,26900
1408473419,45.0950,45.1000,45.0900,45.0950,35400
1408473479,45.0850,45.0950,45.0800,45.0900,40800
1408473539,45.0800,45.0900,45.0800,45.0800,15400
1408473540,45.0800,45.0900,45.0800,45.0800,10700
1408473600,45.0810,45.1000,45.0800,45.0849,86600
1408473661,45.0801,45.0900,45.0800,45.0826,8700
1408473720,45.0850,45.0900,45.0800,45.0800,13900
1408473839,45.0850,45.0900,45.0750,45.0850,96600
1408473899,45.0800,45.0899,45.0800,45.0800,22400
1408473959,45.0900,45.1000,45.0800,45.0800,78300
1408474019,45.0999,45.1000,45.0800,45.0800,30700
1408474079,45.0950,45.1000,45.0900,45.0900,13200
1408474081,45.0950,45.1000,45.0900,45.0980,13100
1408474199,45.0900,45.1000,45.0900,45.0900,14600
1408474259,45.0926,45.1000,45.0900,45.0900,17000
1408474260,45.0900,45.1000,45.0900,45.0950,12400
1408474379,45.0900,45.1000,45.0900,45.1000,17000
1408474439,45.0900,45.1000,45.0900,45.0900,23900
1408474440,45.0950,45.1000,45.0900,45.0950,21000
1408474559,45.0800,45.1000,45.0800,45.0900,39200
1408474563,45.0732,45.0900,45.0700,45.0800,63200
1408474678,45.0950,45.1000,45.0700,45.0800,69400
1408474738,45.0900,45.1000,45.0900,45.0931,13600
1408474799,45.0900,45.1000,45.0900,45.0900,25600
1408474859,45.1050,45.1100,45.0900,45.0900,77600
1408474860,45.0950,45.1100,45.0900,45.1050,105300
1408474920,45.1200,45.1200,45.0900,45.1000,42700
1408475039,45.1150,45.1200,45.1100,45.1100,14900
1408475041,45.1100,45.1200,45.1100,45.1150,20200
1408475159,45.1100,45.1200,45.1100,45.1100,25900
1408475219,45.1200,45.1200,45.1100,45.1100,42600
1408475279,45.1100,45.1200,45.1100,45.1100,62700
1408475338,45.1100,45.1200,45.1100,45.1200,28300
1408475399,45.1100,45.1200,45.1100,45.1150,16200
1408475459,45.1150,45.1200,45.1100,45.1101,30600
1408475460,45.1200,45.1200,45.1200,45.1200,100
1408475519,45.1150,45.1200,45.1100,45.1200,0
1408475578,45.1100,45.1200,45.1100,45.1100,12100
1408475637,45.1100,45.1150,45.1100,45.1100,16400
1408475698,45.1100,45.1200,45.1100,45.1100,32900
1408475758,45.1000,45.1199,45.1000,45.1100,61700
1408475819,45.1300,45.1300,45.1000,45.1000,175700
1408475878,45.1350,45.1400,45.1201,45.1300,30800
1408475939,45.1350,45.1400,45.1300,45.1350,37700
1408475998,45.1250,45.1400,45.1250,45.1300,22100
1408476052,45.1700,45.1800,45.1194,45.1300,190900
1408476119,45.1350,45.1600,45.1300,45.1600,43100
1408476176,45.1300,45.1600,45.1300,45.1350,45000
1408476239,45.1350,45.1399,45.1200,45.1300,72000
1408476299,45.1300,45.1400,45.1300,45.1350,10600
1408476301,45.1300,45.1300,45.1300,45.1300,800
